lambda: 0
f_star: 6.70532e-30
residuals: 18.3196,7.16501,2.9878,1.33237,0.639184,0.331204,0.184886,0.110064,0.0688688,0.0446388,0.0296171,0.0199429,0.0135512,0.00925863,0.00634653,0.00435881,0.00299707,0.00206214,0.00141943,0.000977257,0.000672921,0.000463398,0.000319128,0.00021978,0.000151363,0.000104244,7.17942e-05,4.94456e-05,3.40539e-05,2.34534e-05,1.61527e-05,1.11246e-05,7.66171e-06,5.27674e-06,3.63418e-06,2.50292e-06,1.7238e-06,1.18721e-06,8.17649e-07,5.63128e-07,3.87835e-07,2.67108e-07,1.83962e-07,1.26697e-07,8.72585e-08,6.00964e-08,4.13893e-08,2.85055e-08,1.96322e-08,1.3521e-08
END
lambda: 1
f_star: 3.77916
residuals: 15.9399,5.84392,2.28095,0.950259,0.425146,0.205285,0.106852,0.0594201,0.0348105,0.0211698,0.0131998,0.00836229,0.00534987,0.003443,0.00222368,0.0014392,0.000932634,0.00060481,0.000392386,0.000254636,0.000165268,0.000107275,6.9635e-05,4.52034e-05,2.93442e-05,1.90493e-05,1.23662e-05,8.0278e-06,5.21144e-06,3.38313e-06,2.19625e-06,1.42575e-06,9.25561e-07,6.00851e-07,3.90058e-07,2.53216e-07,1.64382e-07,1.06713e-07,6.92752e-08,4.49718e-08,2.91946e-08,1.89524e-08,1.23035e-08,7.9871e-09,5.18503e-09,3.366e-09,2.18512e-09,1.41853e-09,9.20873e-10,5.97809e-10
END
lambda: 10
f_star: 22.8803
residuals: 5.98215,1.34663,0.321322,0.0812968,0.0219303,0.00635411,0.00198519,0.000666382,0.000237714,8.88114e-05,3.42683e-05,1.35051e-05,5.39354e-06,2.1716e-06,8.78645e-07,3.56544e-07,1.44931e-07,5.89732e-08,2.40109e-08,9.77946e-09,3.98393e-09,1.62316e-09,6.61373e-10,2.69488e-10,1.09814e-10,4.475e-11,1.82325e-11,7.42872e-12,3.02691e-12,1.23634e-12,5.00933e-13,2.06057e-13,7.81597e-14,3.19744e-14,1.06581e-14,3.55271e-15,3.55271e-15,3.55271e-15,0,-3.55271e-15,0,-3.55271e-15,-3.55271e-15,0,0,0,0,0,0,-7.10543e-15
END
