lambda: 0
f_star: 6.70532e-30
residuals: 8.5514,7.22622,0.255615,0.146902,0.145922,0.00528161,0.0028696,0.000306653,7.3646e-05,5.86292e-05,6.83179e-06,6.53206e-06,5.79105e-06,3.49187e-07,1.26237e-07,1.18543e-07,8.04267e-09,2.58982e-09,2.44103e-09,1.90087e-10,5.43629e-11,5.04583e-11,4.52541e-12,1.15429e-12,1.04666e-12,1.07985e-13,1.03345e-13,1.30606e-14,3.25039e-15,2.15453e-15,2.14544e-15,1.28872e-16,4.51733e-17,4.41638e-17,3.07164e-18,9.52581e-19,9.11428e-19,7.32744e-20,2.02083e-20,1.88639e-20,1.74913e-21,4.31433e-22,3.91717e-22,4.17798e-23,3.82604e-23,4.97735e-24,4.69648e-24,3.73552e-24,2.51973e-25,9.52196e-26
END
lambda: 1
f_star: 3.77916
residuals: 8.02436,0.729136,0.580635,0.484155,0.00618248,0.0039786,0.000422236,0.000210778,1.07062e-05,3.70061e-06,2.50441e-06,4.94337e-07,1.13631e-07,9.14468e-09,6.2252e-09,2.26333e-10,9.22862e-11,6.888e-11,1.08415e-11,3.34222e-12,2.09166e-13,1.9984e-13,7.10543e-15,2.66454e-15,1.33227e-15,4.44089e-16,0,0,0,0,-4.44089e-16,-8.88178e-16,-8.88178e-16,-8.88178e-16,-1.33227e-15,-1.77636e-15,-1.77636e-15,-1.77636e-15,-1.77636e-15,-1.77636e-15,-1.77636e-15,-1.77636e-15,-1.77636e-15,-1.77636e-15,-1.77636e-15,-1.77636e-15,-1.77636e-15,-1.77636e-15,-1.77636e-15,-1.77636e-15
END
lambda: 10
f_star: 22.8803
residuals: 18.1923,1.75771,0.201823,0.0242883,0.00296746,0.000365203,4.51716e-05,5.61169e-06,7.00422e-07,8.7984e-08,1.11697e-08,1.44566e-09,1.93921e-10,2.7697e-11,4.35918e-12,7.74492e-13,1.56319e-13,1.1724e-13,1.42109e-14,3.55271e-15,0,0,0,0,-3.55271e-15,-3.55271e-15,-3.55271e-15,-3.55271e-15,-7.10543e-15,-7.10543e-15,-7.10543e-15,-7.10543e-15,-7.10543e-15,-7.10543e-15,-7.10543e-15,-7.10543e-15,-7.10543e-15,-7.10543e-15,-7.10543e-15,-7.10543e-15,-7.10543e-15,-7.10543e-15,-7.10543e-15,-7.10543e-15,-7.10543e-15,-7.10543e-15,-7.10543e-15,-7.10543e-15,-7.10543e-15,-7.10543e-15
END
