lambda: 0
f_star: 6.70532e-30
residuals: 18.3196,5.23698,1.13283,0.224283,0.0980363,0.0640793,0.0285278,0.00787951,0.00378367,0.00521876,0.0051196,0.00315146,0.00119793,0.000213978,2.32029e-05,0.000140412,0.000255062,0.000270737,0.000204951,0.000111414,3.75673e-05,3.93515e-06,3.49736e-06,1.60682e-05,2.4666e-05,2.33235e-05,1.52113e-05,6.45881e-06,1.19685e-06,4.00605e-08,1.23964e-06,2.64249e-06,3.02375e-06,2.34105e-06,1.23399e-06,3.61863e-07,1.20124e-08,8.30297e-08,2.96091e-07,4.21069e-07,3.83615e-07,2.41235e-07,9.5051e-08,1.30012e-08,3.17659e-09,3.2141e-08,5.98103e-08,6.44597e-08,4.75185e-08,2.33572e-08
END
lambda: 1
f_star: 3.77916
residuals: 15.9399,4.14251,0.763881,0.124871,0.0633577,0.0432421,0.0180737,0.00544222,0.00360944,0.00385319,0.00271995,0.00110437,0.000180029,4.72535e-06,0.000118363,0.000198912,0.000179207,0.000109306,4.41652e-05,8.74151e-06,1.52679e-06,8.11991e-06,1.44751e-05,1.43878e-05,9.32494e-06,3.70251e-06,5.34865e-07,7.67125e-08,9.09651e-07,1.591e-06,1.53995e-06,9.7034e-07,3.66899e-07,4.3581e-08,1.6448e-08,1.232e-07,2.01754e-07,1.89391e-07,1.15754e-07,4.12374e-08,3.69836e-09,3.34435e-09,1.8439e-08,2.82656e-08,2.55508e-08,1.50155e-08,4.97198e-09,3.03261e-10,6.88677e-10,2.94668e-09
END
lambda: 10
f_star: 22.8803
residuals: 5.98215,0.717318,0.0271247,0.0166839,0.0139333,0.00402374,0.000640387,0.000292984,0.00017853,5.67802e-05,2.14516e-05,1.62652e-05,7.43529e-06,1.20669e-06,4.13939e-07,9.03779e-07,6.38392e-07,1.67976e-07,2.14754e-09,2.73185e-08,4.71593e-08,2.75361e-08,6.13056e-09,1.13232e-10,1.88208e-09,2.72179e-09,1.50353e-09,3.01082e-10,6.52989e-12,1.38094e-10,1.80485e-10,9.20117e-11,1.51346e-11,8.02913e-13,1.11555e-11,1.2836e-11,5.90461e-12,7.60281e-13,1.35003e-13,9.34364e-13,9.48575e-13,3.90799e-13,3.90799e-14,1.42109e-14,7.81597e-14,7.81597e-14,2.84217e-14,-3.55271e-15,0,3.55271e-15
END
